penguin
hepa56htc2rcvdk951f5s7m6pq
1: (0.0, 0.0)
2: (1.0, 0.5)
3: (5.0, 0.0), (0.2, 3.0)
4: (1.0, 1.0)
5: (4.25, 0.0), (1.25, 0.0)
6: (3.5, -10), (6.5, -13), (-9, -12.5), (-6.5, -17.5), (-4.5, -19.5), (-3.25, -17.25), (-6.5, -7.5), (-1.5, -5.5), (-3.5, -7.5), (0.5, -12.5), (2.5, -15.5), (4.5, -18.5), (6.5, 15.5), (1.5, -3.5), (3.5, -4.5), (1.5, -1.5), (1.5, 0.5), (1.5, 2.5), (6.5, 4.5), (6.5, 5.5), (-0.5, 4.5), (-0.5, 6.5), (-0.5, 8.5), (-2.5, 2.5), (-4.5, 0.5), (-11.5, -9.1), (-13.5, -9.1)
7: (-0.5, -3.5), (3.5, -1.5), (1.5, 0.5), (3.5, 2.5), (5.5, 4.5), (8.5, 4.5), (-0.5, 8.5), (-0.5, 5.5), (-2.5, 3.5), (-5.5, 1.5), (-7.5, 1.5), (-9.5, 1.5)
8: (22.0, 5.0), (27.0, 6.0), (25.0, 9.0), (24.0, 7.0), (23.0, 11.0), (21.0, 11.0), (20.0, 13.0), (19.0, 11.0), (17.0, 10.0), (18.0, 8.0), (22.0, 7.0), (20.0, 5.0), (19.0, 7.0), (17.0, 5.0), (15.0, 5.0), (14.0, 8.0), (13.0, 7.0), (12.0, 10.0), (10.0, 12.0), (9.0, 16.0), (7.0, 15.0), (5.0, 15.0), (4.0, 19.0), (3.0, 24.0), (0.0, 23.0), (2.0, 19.0), (2.0, 15.0), (8.0, 12.0), (10.0, 10.0), (7.0, 9.0), (9.0, 6.0), (13.0, 5.0), (16.0, 3.0), (12.0, 5.0), (9.0, 4.0), (11.0, 3.0), (6.0, 3.0), (5.0, -1.0), (2.0, 0.0), (3.0, 1.0), (2.0, 7.0), (0.0, 6.0), (-2.0, 6.0), (-3.0, 9.0), (-4.0, 8.0), (-5.0, 14.0), (-5.0, 12.0), (-10.0, 10.0), (-9.0, 7.0), (-10.0, 5.0), (-15.0, 4.0), (-14.0, 2.0), (-17.0, 1.0), (-16.0, 0.0), (-15.0, -4.0), (-13.0, 0.0), (-10.0, 3.0), (-8.0, 5.0), (-7.0, 7.0), (-5.0, 6.0), (1.0, 3.0), (0.0, 1.0), (1.0, -1.0), (-2.0, -2.0), (2.0, -3.0), (3.0, -2.0), (4.0, -5.0), (6.0, -10.0), (7.0, -12.0), (8.0, -10.0), (9.0, -12.0), (10.0, -10.0), (6.0, -8.0), (6.0, -5.0), (8.0, -2.0), (7.0, 0.0), (12.0, 1.0), (18.0, 3.0)
9: (-6.5, 9.5), (5.5, -2.5), (0.5, 1), (3, 3.5), (8.5, 3.5), (8.5, 20), (15.5, 22.5), (7.5, 26.5), (7.5, 29.5), (20.5, 32.5), (20.5, 28.5)
10: (1.0, 126.0), (-3.0, 109.0), (-4.0, 82.0), (-7.0, 95.0), (-14.0, 99.0), (-8.0, 100.0), (-7.0, 98.0), (-5.0, 100.0), (-6.0, 112.0), (-7.0, 101.0), (-9.0, 103.0), (-17.0, 102.0), (-20.0, 101.0), (-60.0, 81.0), (-43.0, 64.0), (-79.0, 56.0), (-43.0, 53.0), (-61.0, 50.0), (-43.0, 46.0), (-20.0, 81.0), (-82.0, 18.0), (-96.0, 17.0), (-86.0, 8.0), (-85.0, 6.0), (-90.0, 11.0), (-93.0, 12.0), (-100.0, 23.0), (-101.0, 10.0), (-90.0, 6.0), (-117.0, 4.0), (-41.0, -27.0), (-39.0, -47.0), (-34.0, 1.0), (-33.0, -6.0), (-32.0, 1.0), (-28.0, -24.0), (-27.0, -29.0), (-27.0, -35.0), (-26.0, -41.0), (-31.0, -42.0), (-26.0, -44.0), (-25.0, 1.0), (2.0, 0.0), (3.0, -20.0), (1.0, -24.0), (-7.0, -32.0), (4.0, -26.0), (6.0, -29.0), (7.0, -12.0), (14.0, 3.0), (28.0, 5.0), (15.0, 4.0), (19.0, 2.0), (28.0, 1.0), (20.0, 0.0), (19.0, -18.0), (18.0, -6.0), (16.0, -12.0), (14.0, -2.0), (13.0, -17.0), (15.0, -13.0), (10.0, -10.0), (12.0, -4.0), (10.0, -19.0), (6.0, -32.0), (8.0, -36.0), (9.0, -34.0), (11.0, -36.0), (12.0, -19.0), (26.0, -24.0), (27.0, -23.0), (29.0, -6.0), (31.0, 0.0), (12.0, 7.0), (8.0, 3.0), (6.0, 7.0), (2.0, 9.0), (4.0, 14.0), (1.0, 15.0), (7.0, 20.0), (12.0, 20.0), (28.0, 26.0), (-5.0, 30.0), (-6.0, 22.0), (0.0, 20.0), (-7.0, 32.0), (49.0, -36.0), (83.0, 32.0), (90.0, 33.0), (93.0, 20.0), (155.0, 41.0), (143.0, 100.0), (128.0, 154.0), (111.0, 52.0), (89.0, 64.0), (13.0, 72.0), (15.0, 71.0), (17.0, 67.0), (18.0, 71.0), (15.0, 73.0), (19.0, 74.0), (14.0, 80.0), (13.0, 74.0), (7.0, 85.0), (8.0, 99.0), (9.0, 105.0), (5.0, 106.0), (66.0, 113.0)
11: (4.0, -6.0), (4.0, -3.0), (5.0, 0.0), (8.0, 2.0), (3.0, 5.0), (9.0, 8.0), (10.0, 10.0), (4.0, 12.0), (12.0, 7.0), (13.0, 7.0), (14.0, 11.0), (16.0, 14.0), (9.0, 15.0), (8.0, 17.0), (11.0, 15.0), (12.0, 18.0), (14.0, 15.0), (23.0, 20.0), (8.0, 22.0), (-1.0, 21.0), (7.0, 19.0), (4.0, 16.0), (2.0, 15.0), (-13.0, 12.0), (2.0, 9.0), (-4.0, 7.0), (2.0, 0.0), (-1.0, 3.0), (-3.0, -3.0), (-5.0, -6.0), (-1.0, -8.0), (1.0, -4.0)
12: (33.0, 25.0), (20.0, 26.0), (-8.0, 27.0), (-10.0, 21.0), (8.0, 36.0), (20.0, 31.0), (32.0, 38.0), (-12.0, 39.0), (6.0, 44.0), (-17.0, 22.0), (-13.0, 21.0), (-14.0, 3.0), (-18.0, 11.0), (-21.0, 3.0), (-23.0, 2.0), (-19.0, 11.0), (-17.0, 12.0), (-19.0, 17.0), (-23.0, 13.0), (-23.0, -7.0), (-22.0, 0.0), (-22.0, -2.0), (-21.0, -9.0), (-20.0, -3.0), (-19.0, -10.0), (-18.0, 0.0), (-49.0, -27.0), (-53.0, -23.0), (-67.0, -28.0), (-70.0, -30.0), (-49.0, -31.0), (-68.0, -33.0), (-52.0, -35.0), (-49.0, -35.0), (-50.0, -69.0), (-57.0, -46.0), (-38.0, -74.0), (-38.0, -79.0), (-16.0, -38.0), (-15.0, -52.0), (-16.0, -50.0), (-32.0, -51.0), (-27.0, -52.0), (-18.0, -57.0), (-17.0, -53.0), (-15.0, -57.0), (-8.0, 0.0), (-2.0, -15.0), (-5.0, -16.0), (-2.0, -30.0), (9.0, -2.0), (11.0, -8.0), (12.0, -4.0), (24.0, -42.0), (33.0, -3.0), (35.0, 6.0), (9.0, 11.0), (8.0, 18.0), (7.0, 3.0), (0.0, 2.0), (-6.0, 4.0), (-6.0, 8.0), (3.0, 7.0), (6.0, 5.0), (5.0, 20.0), (4.0, 8.0), (7.0, 20.0), (10.0, 19.0), (11.0, 8.0), (16.0, 9.0), (18.0, 14.0), (33.0, 10.0), (30.0, 9.0), (46.0, 8.0), (48.0, 3.0), (49.0, 9.0), (46.0, 10.0), (19.0, 18.0), (16.0, 21.0), (3.0, 22.0), (1.0, 9.0), (0.0, 18.0), (-9.0, 16.0), (-6.0, 12.0), (-5.0, 19.0), (-5.0, 21.0), (-1.0, 24.0), (20.0, 13.0), (24.0, 13.0), (21.0, 23.0), (26.0, 21.0), (27.0, 15.0), (46.0, 21.0), (30.0, 23.0)
13: (-10.0, 3.0), (-5.0, 4.0), (-10.0, 5.0), (-13.0, 6.0), (-9.0, 8.0), (-9.0, 10.0), (-1.0, 14.0), (-13.0, 8.0), (-15.0, 9.0), (-18.0, 9.0), (-21.0, 11.0), (-23.0, 13.0), (-24.0, 11.0), (-25.0, 14.0), (-23.0, 15.0), (-25.0, 16.0), (-21.0, 14.0), (-19.0, 17.0), (-17.0, 16.0), (-15.0, 16.0), (-19.0, 14.0), (-13.0, 13.0), (-13.0, 16.0), (2.0, 15.0), (2.0, 19.0), (4.0, 17.0), (5.0, 19.0), (-26.0, 20.0), (-28.0, 9.0), (-30.0, 9.0), (-32.0, -14.0), (-13.0, -14.0), (29.0, -20.0), (25.0, -30.0), (29.0, -43.0), (31.0, -31.0), (33.0, -21.0), (34.0, -24.0), (35.0, -5.0), (38.0, -4.0), (36.0, -3.0), (42.0, -2.0), (36.0, -1.0), (41.0, 1.0), (19.0, 3.0), (18.0, 1.0), (16.0, 4.0), (21.0, 3.0), (24.0, 2.0), (30.0, 3.0), (24.0, 4.0), (30.0, 7.0), (22.0, 8.0), (14.0, 8.0), (12.0, 11.0), (10.0, 8.0), (0.0, 9.0), (2.0, 11.0), (-3.0, 1.0), (-6.0, -2.0), (-2.0, -4.0), (-1.0, 0.0), (0.0, -6.0), (6.0, -4.0), (6.0, -6.0), (10.0, -4.0), (1.0, 0.0), (5.0, 1.0), (3.0, 2.0), (1.0, 4.0), (3.0, 5.0), (7.0, 4.0), (8.0, -1.0), (10.0, 4.0), (12.0, 1.0), (11.0, 3.0), (9.0, 0.0), (11.0, -1.0), (11.0, -3.0), (15.0, 0.0), (13.0, -3.0), (16.0, -3.0), (17.0, -5.0), (29.0, -3.0), (26.0, -5.0), (24.0, -6.0), (23.0, -4.0), (20.0, -4.0), (19.0, -7.0), (-13.0, -9.0), (-16.0, -9.0), (-14.0, -8.0), (-16.0, -7.0), (-14.0, 1.0), (-13.0, -3.0), (-11.0, -7.0), (-10.0, -4.0), (-9.0, -2.0), (-18.0, 2.0), (-19.0, -10.0), (-20.0, -5.0), (-21.0, -10.0), (-19.0, 6.0), (-15.0, 4.0)
14: (152.0, 26.0), (274.0, 16.0), (366.0, 35.0), (406.0, 130.0), (432.0, 85.0), (500.0, 63.0), (629.0, 78.0), (437.0, 238.0), (386.0, 196.0), (316.0, 187.0), (280.0, 302.0), (59.0, 295.0), (232.0, 282.0), (196.0, 215.0), (181.0, 165.0), (186.0, 154.0), (140.0, 105.0), (250.0, 96.0)
15: (1.0, 0.0), (3.2888543819998315, -1.3944271909999166), (4.32842712474619, -1.9142135623730963), (2.5, 0.5), (3.6944271909999156, 0.8472135954999578), (4.683281572999747, 0.10557280900008381), (3.552786404500042, 2.8944271909999157), (5.547213595499958, 3.1416407864998734), (4.0, 4.23606797749979), (3.0, 4.0), (2.0, 2.0), (-1.5355339059327378, 1.292893218813453), (0.5857864376269049, 1.2928932188134525), (-1.5, -0.5)
16: (5.0, -1.0), (5.0, 0.0), (5.0, 1.0), (4.0, 2.0), (2.0, 2.0), (-0.4959611631863794, 2.1873204098133687), (-1.535533905932738, 2.707106781186548), (-2.4033310217279675, 5.312626469082878), (-4.110960958218892, 2.846049894151542), (-2.8, 0.4), (-1.6, -1.2), (-4.7126264690828785, -6.3656086818963455), (-5.943416490252571, -8.143416490252566), (-5.343416490252571, -8.943416490252567), (-3.794733192202056, -4.42718872423573), (-0.9486832980505144, -3.478505426185216), (1.0, 0.0), (3.83079002116969, -7.0221921916437795), (3.2, -9.6), (3.8973665961010275, -2.367544467966324), (5.0, -2.0)
17: (4.947908983622518, -11.192680524124075), (2.7515874273017635, -11.90899653259195), (0.7595874273017669, -9.452996532591946), (0.8795874273017632, -12.612996532591948), (-2.6657233593729446, -11.416847952403028), (-5.239830172521381, -11.33666287563386), (-6.449591114195394, -7.940123686400206), (-7.662893806848799, -8.666688601600491), (-8.149631584301916, -10.606556209454181), (-6.6206301725213805, -11.64226287563386), (-5.625615249290549, -12.529969688782296), (-3.568412572698237, -12.148996532591946), (-3.2164125726982378, -13.084996532591946), (-1.2961963525334435, -13.431240005350489), (1.7395902012282005, -14.316677750197636), (0.1862794145534914, -15.576529170008717), (-2.1436867654585723, -17.46630629972534), (2.7955902012281983, -17.124677750197637), (4.737429423067825, -14.202835754431575), (6.543587427301764, -11.764996532591955), (7.623587427301762, -15.204996532591954), (10.383587427301764, -12.884996532591954), (13.943146215046571, -13.104028639556967), (7.046049894151539, -3.6513167019494865), (6.743416490252569, 1.5811388300841895), (8.0, 2.0), (10.466576574931334, 0.29237006350907435), (10.381138830084188, -2.1434164902525694), (10.150960958218892, -2.5660498941515413), (12.070960958218892, -3.126049894151542), (13.061417877215787, -5.560395929139602), (12.21392746429066, -9.595462223514454), (13.105523213371745, -6.721836447913187), (14.305523213371742, -13.321836447913189), (18.05864494975101, -10.801728337830793), (20.019257099055405, -9.726553933373546), (17.505523213371745, -5.92183644791319), (13.163943171032365, -1.6374520646256303), (10.4, 3.8), (7.367544467966324, 3.897366596101028), (6.0, 8.0), (5.702633403898972, 8.892099788303081), (8.27184338272928, 8.714291979946859), (10.19184338272928, 8.15429197994686), (11.591123123342488, 5.992239311868881), (13.602297527799736, 4.383627162564486), (16.53029752779974, 2.2796271625644886), (18.083608314474446, 3.5394785823755734), (15.474297527799736, 5.0876271625644875), (13.75184338272928, 6.074291979946861), (13.631843382729278, 9.23429197994686), (11.307629936490924, 7.828854235099714), (9.410263340389896, 10.358676363234418), (6.632455532033675, 9.58946638440411), (3.4701778718652956, 9.58946638440411), (5.051316701949486, 14.332882874656677), (5.087103255711133, 17.44744512980953), (7.199504732703609, 14.525500571813946), (11.57343044260915, 15.156845178476594), (12.93550473270361, 13.477500571813948), (13.87150473270361, 13.829500571813949), (17.754781699390378, 16.979129121341657), (12.815504732703609, 16.63750057181395), (13.872008771925607, 20.577796712650468), (11.1207290313124, 16.675849380728447), (7.0856627369375484, 17.52333979365357), (7.567103255711134, 18.80744512980953), (5.647103255711135, 19.367445129809532), (2.6205266807797996, 19.15507506630046), (3.0291245103057154, 21.502092853486985), (3.589124510305719, 23.422092853486987), (3.914562255152867, 24.537879407248628), (1.3847401270181596, 22.640512811147605), (0.4513167019494926, 22.13288287465668), (1.5728112757642732, 18.443843832875572), (-0.04938091587950555, 18.413053811705883), (0.01386463732387233, 22.018050344297833), (-0.013765299167057377, 25.3114737693665), (0.8262347008329447, 28.1914737693665), (-0.9574520646256137, 29.218833430651436), (-2.0732386183872578, 29.544271175498587), (-0.17587202228623333, 27.01444904736388), (-3.8271887242357248, 20.64384383287558), (-2.627188724235727, 19.043843832875577), (-6.824028639556963, 16.31507506630047), (-7.939815193318607, 16.640512811147616), (-8.509025172148917, 15.818320619503838), (-5.427188724235732, 14.443843832875581), (-0.827188724235729, 16.643843832875575), (0.9403557437305923, 14.01665510863984), (0.9403557437305956, 17.17893276880822), (2.205266807797944, 13.384199576606166), (-4.0, 10.0), (-9.384199576606166, 9.367544467966326), (2.0, 5.0), (1.2928932188134523, 1.2928932188134525), (-1.982747501432697, 1.8126795901866326), (-3.3243882879325737, -0.8706019828131137), (-4.218815478932492, -2.6594563648129443), (0.3162277660168377, -0.9486832980505139), (-5.967544467966325, -3.0973665961010246), (1.2649110640673509, -3.7947331922020555), (-1.517893276880824, -7.462975277997375), (-5.1228898094727775, -7.399729724794005), (-2.6563132345414413, -9.107359661284931), (0.0, -6.324555320336758), (1.8973665961010264, -5.692099788303083), (4.846049894151541, 0.9486832980505138), (3.64604989415154, -2.451316701949486), (3.3082420857953156, -9.140526680779793), (0.1482420857953155, -9.260526680779792), (2.982804340948169, -10.256313234541437), (3.8460498941515384, -6.051316701949486), (10.943587427301765, -10.964996532591954), (7.9457482054621416, -11.078838528358014), (5.833346728469665, -8.15689397036243)
18: (-4.4721359549995805, 8.506508083520403), (-6.281152949374529, 9.094293335812875), (-7.0901699437494745, 6.604395050930093), (-8.090169943749473, 7.779965555515039), (-8.090169943749471, 9.682078588105346), (-6.281152949374523, 10.269863840397816), (-7.090169943749466, 12.759762125280599), (-8.899186938124414, 12.171976872988129), (-10.708203932499368, 7.779965555515042), (-11.517220926874316, 6.016609798637621), (-11.517220926874316, 2.2123837334570062), (-6.381966011250105, -1.9021130325903064), (-10.0, -0.7265425280053597), (-12.73606797749979, -0.3632712640026783), (-11.618033988749895, 1.1755705045849485), (-14.545084971874736, 2.126627020880102), (-14.854101966249685, -1.9021130325903053), (-12.73606797749979, -3.4409548011779325), (-12.618033988749897, -8.784022634946172), (-10.80901699437495, -6.294124350063393), (-5.663118960624632, -4.114496766047311), (5.663118960624632, 4.114496766047312), (-2.1631189606246313, 6.6573956140660755), (-4.47213595499958, 6.604395050930096)
19: (1.1631189606246326, 12.81276268841658), (-0.6458980337503151, 10.3228644035338), (-0.645898033750314, 9.147293898948853), (0.16311896062463216, 6.657395614066075), (-7.0, 0.0), (-8.190983005625052, -1.3143277802978335), (-9.0, -3.804226065180613), (-11.118033988749893, -5.343067833768241), (-8.19098300562505, -6.294124350063393), (-6.072949016875158, -2.85316954888546), (-6.045084971874737, -5.290067270632258), (-8.281152949374528, -8.36775080780751), (-8.781152949374528, -8.731022071810191), (-10.899186938124423, -10.269863840397818), (-8.781152949374528, -11.808705608985445), (-6.045084971874738, -11.445434344982765), (-2.4270509831248432, -10.26986384039782), (-2.4270509831248424, -6.465637775217204), (8.39918693812442, -13.539305216421944), (5.399186938124421, -4.306254604896185), (2.163118960624632, 6.657395614066075), (1.9721359549995794, 9.147293898948854)
20: (-6.83863496179863, 6.397777478867205), (-11.857732784225469, 9.295554957734408), (-16.876830606652312, 6.397777478867212), (-16.876830606652312, 0.6022225211328056), (-18.619213568248963, -5.382801127583113), (-16.687361915670827, -8.728866342534348), (-20.551065220827105, -12.592569647690627), (-18.619213568248966, -15.938634862641862), (-14.755510263092686, -15.938634862641859), (-12.823658610514551, -12.592569647690626), (-12.823658610514546, -8.728866342534348), (-11.40944504814145, -3.450949475004978), (-11.857732784225478, -2.295554957734399), (-6.838634961798634, 0.6022225211327981), (0.0, -7.0), (-0.3637033051562777, -11.857732784225485), (1.5681483474218534, -19.067501304332986), (4.914213562373089, -13.271946346598583), (6.062177826491069, -3.5), (6.062177826491071, 3.5)
21: (4.053171996137772, 22.12664382140154), (0.18946869098150554, 18.262940516245273), (-2.897777478867197, 17.814652780161246), (-7.916875301294041, 14.916875301294043), (-7.916875301294045, 9.121320343559642), (-2.8977774788672046, 6.223542864692439), (-7.0, 0.0), (-9.12132034355964, 7.916875301294071), (-12.01909782242685, 12.935973123720919), (-20.71243025902847, 7.916875301294057), (-14.916875301294052, 2.1213203435596455), (-17.038195644853698, -5.795554957734406), (-7.0, -5.795554957734408), (-6.062177826491071, -3.5), (0.0, -7.0), (0.34340347603026533, -18.360394523146446), (-1.0708100863428367, -23.63831139067581), (4.207106781186527, -25.052524953048913), (6.1389584337646665, -21.70645973809769), (15.470047297431837, -6.57981591669612), (17.401898950009983, -7.994029479069213), (19.0749315574856, -8.959955305358276), (20.747964164961214, -7.994029479069205), (20.74796416496121, -6.06217782649107), (19.07493155748559, -5.096252000202006), (18.81611251238307, -4.647964264117979), (18.81611251238307, -0.7842609589617027), (15.470047297431835, 1.1475906936164346), (12.123982082480603, -0.7842609589617036), (12.123982082480602, -4.647964264117983), (7.0, 0.0), (14.755510263092685, 8.51909782242685), (11.857732784225483, 13.5381956448537), (3.164400347623865, 8.519097822426847), (3.5, 6.06217782649107), (2.121320343559641, 9.12132034355964), (2.1213203435596424, 14.916875301294043)
22: (-78.62435565298216, 45.186533479473184), (-71.6243556529822, 67.70319397786861), (-59.794228634060026, 79.5333209967908), (-71.62435565298222, 106.36344801571299), (-75.9544826719044, 83.86344801571299), (-86.82050807568879, 53.3826859021798), (-98.01666049839542, 50.38268590217979), (-101.01666049839541, 39.18653347947315), (-92.82050807568876, 30.99038105676653), (-81.62435565298213, 33.99038105676655), (-78.62435565298212, 13.06217782649106), (-82.12435565298213, 0.0), (-72.56217782649105, -9.562177826491062), (21.0, 7.0), (-59.0, 12.196152422706628)
23: (33.562177826491066, -6.562177826491061), (35.9282032302755, -7.9282032302755), (37.29422863405994, -6.5621778264910615), (38.160254037844375, -12.062177826491066), (39.16025403784438, -6.062177826491066), (40.52627944162882, -7.428203230275506), (42.392304845413264, -7.928203230275504), (42.392304845413264, -4.196152422706623), (40.52627944162882, -4.696152422706625), (38.16025403784438, -2.330127018922184), (35.9282032302755, -4.196152422706624), (35.4282032302755, -3.330127018922183), (33.062177826491066, -0.9641016151377451), (37.29422863405993, 0.6339745962155625), (47.294228634059934, 3.633974596215548), (38.294228634059934, 4.6339745962155625), (39.66025403784437, 6.0), (38.29422863405993, 8.366025403784437), (35.92820323027549, 7.0), (30.46410161513775, 12.464101615137746), (5.0, 7.0), (6.732050807568879, 13.464101615137764), (0.2679491924311188, 11.732050807568882), (1.2679491924311201, 8.0), (0.0, 7.0), (23.0, -0.4641016151377504), (21.5, -2.330127018922189), (22.0, -4.1961524227066285), (25.23205080756888, -3.3301270189221897), (24.732050807568875, -1.4641016151377497), (30.464101615137746, -2.4641016151377455), (33.06217782649106, -4.696152422706623)
24: (-15.29422863405995, 4.098076211353324), (-11.562177826491075, 6.098076211353334), (-8.830127018922205, 10.830127018922216), (-16.294228634059962, 10.830127018922203), (-16.79422863405996, 9.696152422706641), (-22.392304845413282, 11.196152422706637), (-26.490381056766594, 7.098076211353307), (-24.990381056766584, 1.5), (-19.392304845413264, 0.0), (-29.088457268119896, -5.598076211353301), (-26.490381056766594, -15.294228634059928), (-20.892304845413275, -13.794228634059937), (-19.39230484541327, -8.196152422706628), (-9.696152422706636, -5.598076211353316), (1.9019237886466998, -14.490381056766575), (-2.3660254037844366, -3.098076211353316), (9.0, 0.0), (13.098076211353314, -4.098076211353316), (20.196152422706625, 0.0), (18.696152422706625, 5.598076211353316), (13.098076211353312, 7.098076211353313), (5.598076211353321, 9.696152422706625), (8.196152422706636, 11.196152422706623), (15.294228634059957, 15.294228634059941), (4.098076211353325, 18.294228634059944), (1.5, 16.794228634059948), (-5.598076211353309, 9.696152422706637)
25: (5.0, 0.0)
26: (13.098076211353316, -4.098076211353319), (20.196152422706636, 0.0), (16.098076211353316, 7.0980762113533205), (10.5, 5.598076211353316), (-9.696152422706632, 5.598076211353319), (-4.098076211353328, -4.098076211353313), (9.0, 0.0)
27: (-3.5, 2.5), (-3.605572809000084, 4.7888543819998315), (-5.454342451879132, 4.44541706249142), (-4.6797457826376485, 5.994610400974388), (-5.634088234516783, 7.440027463465808), (-7.183281572999747, 4.341640786499874), (-4.947213595499958, 2.1055728090000843), (-1.0, 0.26794919243112303), (1.0, 0.0), (0.8842526042558359, -1.2338966428516978), (-0.26491106406735243, -2.5298221281347035), (-3.2587612492553175, 1.8718404741148442), (-3.526229062117628, -2.01719711785946), (-3.110960958218893, -3.478505426185217), (-5.957010852370433, -4.427188724235731), (-4.615370065870559, 0.492160826263806), (-5.957010852370434, -0.6911207467359413), (-6.457010852370434, 1.3088792532640592), (-5.957010852370434, 2.3088792532640587), (-6.957010852370434, -2.1911207467359413), (-7.969472032120245, -1.7439071512359836), (-7.194875362878761, -0.19471381275301614), (-8.915787361115935, 1.5042676779279902), (-10.435023069159294, 2.8977966024236372), (-11.543628106186876, 7.91927713926496), (-11.561577298618, 3.8881882260194254), (-8.923814483999378, -0.29849008874456384), (-10.87636040286997, -0.8494799602360674), (-7.221921916437787, -3.794733192202054), (2.0, -1.0), (3.0, 3.0), (2.5, 3.8660254037844384), (4.0, 4.732050807568878), (1.0, 3.0), (-0.5, 2.5), (-2.0, 2.5)
28: (-10.049193338482967, 2.774596669241484), (-10.638167963297523, 1.1874185774354653), (-11.889935858478573, 0.36093377019820916), (-13.558959718719972, -0.7410459727847996), (-20.14882493655605, -1.8133865586079474), (-14.11797671309492, -1.7092918093366527), (-12.456979975736965, -2.4100698330261983), (-10.937744267693606, -3.803598757521846), (-9.811190038234901, -4.793990381117636), (-12.448952852853521, -0.6073120663536443), (-10.92169002192672, -0.19808322417673865), (-10.787956115495566, -1.3080900900431904), (-9.96147130825831, -2.55985798522424), (-8.993225471706456, -3.1188749795991875), (-3.8718467802066447, -5.695600476620859), (-7.9029356934521795, -5.67765128418973), (-8.024979635154605, -3.6778919739741376), (-5.6851353816632635, -0.9346951400951762), (-9.677949249629114, -1.1743561836120364), (-8.947213595499958, 1.1055728090000843), (2.0, 0.0), (6.4641016151377535, 3.0), (0.0, 2.0), (-4.5, 1.5), (-6.0, 1.5), (-7.5, 1.5)
29: (1.5, 4.5), (2.2928932188134525, 8.207106781186548), (1.5, 9.0), (1.5, 13.5), (1.5, 15.0), (2.5527864045000417, 17.841640786499873), (3.0, 1.0), (4.763932022500205, -4.090169943749471), (6.927782454342166, -1.895232288913381), (7.282309823063416, -3.352733693656302), (7.0328276006299415, -4.442577086391999), (7.3873549693511915, -5.90007849113492), (-2.794982679735093, -6.465763916084146), (6.821669544401949, -9.859876465779585), (8.477198362086886, -6.149560713568394), (8.886368530030758, -3.087415117593396), (12.823109699384256, -4.313004349561942), (14.011559863717384, -6.207096798967874), (7.363666756978935, 0.18082283432271895), (8.0, 1.0), (11.757772043949016, 10.718048263765137), (8.851180249068117, 11.963730461571236), (8.0, 2.0)
30: (6.130495168499705, 7.052786404500042), (8.024922359499621, 3.605572809000083), (11.94427190999916, 5.263932022500211), (5.23606797749979, 11.97213595499958), (3.670820393249936, 12.195742752749558), (2.3291796067500625, 12.866563145999494), (1.6583592135001255, 13.760990336999411), (0.3167184270002519, 14.431810730249348), (-0.6832815729997488, 14.931810730249346), (-1.58328157299975, 16.131810730249345), (-2.483281572999752, 17.331810730249344), (-0.5777087639996639, 13.76099033699941), (2.1055728090000843, 7.947213595499958), (0.5, 5.5), (-4.0, 5.5), (-7.0, 7.0), (-13.0, 4.0), (2.0, 3.0), (-3.0, 0.0), (2.5, 4.0), (2.5, 6.5)
